20 19 18 17 16 15 14 13 12 11 10 9 8 7 6 5 4 3 2 1
21 20 19 18 17 16 15 14 13 12 11 10 9 8 7 6 5 4 3 2
22 21 20 19 18 17 16 15 14 13 12 11 10 9 8 7 6 5 4 3
23 22 21 20 19 18 17 16 15 14 13 12 11 10 9 8 7 6 5 4
24 23 22 21 20 19 18 17 16 15 14 13 12 11 10 9 8 7 6 5
25 24 23 22 21 20 19 18 17 16 15 14 13 12 11 10 9 8 7 6
26 25 24 23 22 21 20 19 18 17 16 15 14 13 12 11 10 9 8 7
27 26 25 24 23 22 21 20 19 18 17 16 15 14 13 12 11 10 9 8
28 27 26 25 24 23 22 21 20 19 18 17 16 15 14 13 12 11 10 9
29 28 27 26 25 24 23 22 21 20 19 18 17 16 15 14 13 12 11 10
30 29 28 27 26 25 24 23 22 21 20 19 18 17 16 15 14 13 12 11
31 30 29 28 27 26 25 24 23 22 21 20 19 18 17 16 15 14 13 12
32 31 30 29 28 27 26 25 24 23 22 21 20 19 18 17 16 15 14 13
33 32 31 30 29 28 27 26 25 24 23 22 21 20 19 18 17 16 15 14
34 33 32 31 30 29 28 27 26 25 24 23 22 21 20 19 18 17 16 15
35 34 33 32 31 30 29 28 27 26 25 24 23 22 21 20 19 18 17 16
36 35 34 33 32 31 30 29 28 27 26 25 24 23 22 21 20 19 18 17
37 36 35 34 33 32 31 30 29 28 27 26 25 24 23 22 21 20 19 18
38 37 36 35 34 33 32 31 30 29 28 27 26 25 24 23 22 21 20 19
39 38 37 36 35 34 33 32 31 30 29 28 27 26 25 24 23 22 21 20
